

     1: Human                100.00   93.62   89.40   78.46   89.65   66.92   64.95   65.78   64.47   70.51   73.97   71.94   67.60   43.19   38.49   43.50   43.39   45.50   49.16   52.35   46.41   60.87   73.47  100.00   82.00   77.61   86.67   73.21   85.11   70.18   69.12   66.67   67.35   76.09   80.00   72.06   60.94   75.51   72.34   78.05   66.18   72.04   70.83   66.10   79.59   74.00   60.42   65.45   72.73   68.89   87.80   73.47   69.57   71.88
     2: Orangutan             93.62  100.00   85.93   75.18   86.18   64.72   63.80   63.37   63.33   67.37   70.87   69.29   65.09   41.65   37.35   41.91   42.03   44.16   48.01   52.00   45.07   59.52   73.47  100.00   79.59   72.73   86.67   71.43   82.61   70.91   68.66   63.83   70.83   74.47   79.55   69.70   60.32   64.58   72.34   80.00   68.66   67.71   70.83   65.52   79.17   65.38   57.45   64.81   67.27   71.74   87.50   72.92   73.33   72.63
     3: Marmoset              89.40   85.93  100.00   77.11   94.19   66.64   64.38   64.99   64.07   69.68   72.82   70.87   67.14   43.18   38.11   43.29   43.17   44.82   48.71   51.56   45.98   63.04   73.47  100.00   86.00   73.91   84.09   73.21   76.60   69.64   69.12   64.58   65.31   78.26   80.00   72.06   60.66   75.51   80.85   73.17   69.12   65.98   72.92   66.10   77.55   78.00   64.58   67.86   69.09   68.89   86.05   73.47   71.11   72.92
     4: Tarsier               78.46   75.18   77.11  100.00   77.75   67.05   64.31   65.35   64.04   70.94   73.08   72.01   68.90   42.29   38.36   42.31   42.29   44.12   47.93   51.12   44.99   60.00   67.39   98.21   85.71   73.13   86.36   71.15   72.34   69.64   71.88   65.96   61.22   83.72   82.22   68.66   56.45   68.75   78.72   65.00   62.69   62.11   65.96   62.07   77.55   69.23   66.67   67.27   60.00   62.79   78.05   72.34   70.00   63.27
     5: Capuchin              89.65   86.18   94.19   77.75  100.00   66.74   64.95   64.87   64.61   70.36   72.98   71.21   67.50   43.10   37.97   43.19   43.14   44.70   48.79   51.55   45.98   56.10   70.45   98.21   86.00   74.60   88.10   72.22   72.73   69.81   66.67   64.44   65.22   72.73   77.78   72.06   57.63   73.47   82.98   70.73   69.23   71.28   71.11   65.45   78.26   76.60   64.44   67.31   73.58   67.44   84.21   72.73   67.50   73.96
     6: Guinea_Pig            66.92   64.72   66.64   67.05   66.74  100.00   60.71   61.35   60.32   64.02   65.45   64.86   61.48   40.37   37.50   40.49   40.74   42.17   45.89   48.88   43.16   51.11   69.57   96.55   74.47   66.67   77.78   73.21   74.47   63.79   65.57   51.28   69.70   73.33   73.91   62.12   60.94   72.09   71.11   68.09   63.77   61.86   69.05   57.89   71.43   65.96   60.00   65.38   67.92   67.44   74.42   69.39   68.89   64.13
     7: Mouse                 64.95   63.80   64.38   64.31   64.95   60.71  100.00   56.55   81.77   62.44   61.80   61.79   60.03   40.30   35.41   40.23   40.24   40.84   44.21   47.50   41.46   54.35   63.27   89.66   67.35   67.65   68.42   59.65   65.91   58.18   61.29   51.11   64.52   67.44   76.19   71.67   60.34   53.19   63.04   64.10   64.52   55.56   68.29   62.50   64.58   63.46   47.62   52.38   72.22   65.52   58.70   63.27   64.29   63.53
     8: Alpine_Marmot         65.78   63.37   64.99   65.35   64.87   61.35   56.55  100.00   56.45   62.51   63.74   62.52   59.72   37.24   32.77   37.40   36.48   39.71   43.73   45.51   40.06   48.78   54.35   90.00   77.55   60.87   63.64   69.09   60.87   52.63   61.76   59.57   60.42   71.11   47.73   62.69   53.62   56.52   76.60   57.78   61.76   51.06   64.58   60.34   37.50   64.81   51.02   63.16   66.04   59.57   65.12   57.14   65.96   56.82
     9: Rat                   64.47   63.33   64.07   64.04   64.61   60.32   81.77   56.45  100.00   61.94   61.61   61.34   59.77   39.88   35.09   40.06   40.22   40.29   44.07   47.33   41.52   52.94   64.58   89.29   83.33   66.67   73.68   64.44   65.91   60.00   58.33   53.33   80.00   65.85   76.74   72.41   53.57   55.32   75.00   66.67   59.68   56.04   73.17   58.18   64.29   69.23   61.90   57.14   68.18   66.67   73.33   61.70   68.29   70.93
    10: Leopard               70.51   67.37   69.68   70.94   70.36   64.02   62.44   62.51   61.94  100.00   81.41   72.84   68.51   40.91   37.61   41.15   41.70   44.09   47.34   50.52   43.69   54.35   71.43   98.28   81.25   69.57   84.09   67.86   72.34   68.42   70.15   73.91   58.70   76.19   75.56   72.73   62.50   67.44   68.09   62.22   70.59   57.29   75.00   58.62   79.17   73.58   68.75   69.09   72.22   66.67   81.40   71.43   72.34   69.57
    11: Panda                 73.97   70.87   72.82   73.08   72.98   65.45   61.80   63.74   61.61   81.41  100.00   75.50   72.24   41.80   38.03   42.11   42.10   44.13   47.24   50.62   44.57   52.17   70.83   96.61   83.33   68.12   81.82   66.07   67.35   70.18   70.15   71.11   65.31   72.73   82.22   74.63   64.06   63.27   68.09   71.11   70.59   56.25   72.34   64.29   75.00   75.47   64.58   63.64   62.96   64.58   83.72   69.39   74.47   72.63
    12: Sheep                 71.94   69.29   70.87   72.01   71.21   64.86   61.79   62.52   61.34   72.84   75.50  100.00   88.10   41.77   40.09   42.18   42.49   44.97   47.75   50.94   44.95   50.00   68.18   96.43   85.71   71.19   80.43   74.07   72.34   66.07   72.58   75.00   59.18   77.27   78.57   69.70   61.29   58.33   78.72   61.70   71.21   59.38   73.47   60.00   70.00   75.93   64.58   65.45   67.92   63.04   82.05   70.21   71.74   68.48
    13: Wild_Yak              67.60   65.09   67.14   68.90   67.50   61.48   60.03   59.72   59.77   68.51   72.24   88.10  100.00   39.02   38.12   39.83   40.56   44.08   47.14   50.31   43.66   53.33   68.89   96.55   85.71   70.15   77.78   80.00   76.60   66.67   71.64   74.47   67.44   71.74   76.19   69.70   64.06   57.45   78.72   70.21   71.21   59.57   70.83   57.14   73.17   73.08   66.67   67.27   70.91   64.58   75.61   69.39   70.21   69.79
    14: Giant_Tortoise        43.19   41.65   43.18   42.29   43.10   40.37   40.30   37.24   39.88   40.91   41.80   41.77   39.02  100.00   31.03   34.27   34.27   33.35   35.22   37.61   34.37   46.67   48.78  100.00   52.63   50.00   54.29   59.18   50.00   47.37   54.00   48.48   48.28   59.52   54.29   42.37   40.98   34.88   35.29   53.12   54.72   45.68   60.98   52.17   41.94   53.49   51.35   66.67   40.82   52.27   65.62   61.36   62.86   48.53
    15: Tiger_Snake           38.49   37.35   38.11   38.36   37.97   37.50   35.41   32.77   35.09   37.61   38.03   40.09   38.12   31.03  100.00   30.67   31.28   33.07   31.37   32.60   30.26   45.24   37.78  100.00   40.91   59.18   48.65   70.27   53.66   37.21   48.33   37.84   42.86   44.74   42.86   53.33   31.67   38.46   27.50   50.00   40.98   43.02   53.85   47.27   33.33   52.27   32.56   50.00   37.21   45.65   51.22   57.50   56.76   44.71
    16: Zebra_Finch           43.50   41.91   43.29   42.31   43.19   40.49   40.23   37.40   40.06   41.15   42.11   42.18   39.83   34.27   30.67  100.00   79.78   33.35   36.66   39.94   35.82   41.30   61.36   83.33   59.09   52.54   65.91   50.98   66.67   52.83   52.38   46.67   40.54   60.47   57.14   52.46   49.21   55.00   52.63   66.67   48.94   52.69   55.88   46.94   55.56   68.00   54.55   57.14   42.11   50.00   66.67   64.58   63.41   54.55
    17: Bengalese_Finch       43.39   42.03   43.17   42.29   43.14   40.74   40.24   36.48   40.22   41.70   42.10   42.49   40.56   34.27   31.28   79.78  100.00   33.18   37.38   39.34   36.61   43.59   65.91   55.93   68.75   56.25   75.61   72.50   64.29   53.57   55.93   41.46   38.71   70.27   51.35   51.79   44.44   56.10   52.17   48.72   45.45   51.16   56.25   47.50   57.89   67.35   62.96   73.53   43.40   54.05   76.67   68.75   74.19   56.76
    18: Tilapia               45.50   44.16   44.82   44.12   44.70   42.17   40.84   39.71   40.29   44.09   44.13   44.97   44.08   33.35   33.07   33.35   33.18  100.00   36.81   38.17   34.52   46.67   54.55  100.00   46.15   36.67   72.73   53.49   35.29   53.33   48.15   44.83   36.00   56.52   28.57   51.72   54.55   36.67   56.25   50.00   50.00   47.73   52.63   36.36   42.31   50.00   52.17   53.57   44.44   51.43   66.67   40.91   47.37   31.25
    19: Fugu                  49.16   48.01   48.71   47.93   48.79   45.89   44.21   43.73   44.07   47.34   47.24   47.75   47.14   35.22   31.37   36.66   37.38   36.81  100.00   58.46   36.94   60.87   67.57   43.14   68.89   61.11   59.38   50.00   55.88   57.89   41.30   42.86   64.00   50.00   63.33   49.06   53.49   52.38   76.92   54.55   50.00   42.31   50.00   70.97   51.43   58.54   61.54   57.14   52.94   62.50   68.00   60.00   68.00   57.89
    20: Tetraodon             52.35   52.00   51.56   51.12   51.55   48.88   47.50   45.51   47.33   50.52   50.62   50.94   50.31   37.61   32.60   39.94   39.34   38.17   58.46  100.00   39.03   55.17   60.00   83.33   62.96   55.00   71.79   59.46   63.33   66.67   41.18   36.36   65.00   60.71   64.86   51.85   59.09   46.88   75.00   63.33   40.74   51.56   70.27   55.81   60.00   55.26   51.52   55.26   54.29   51.52   71.43   61.54   60.00   50.00
    21: Huchen                46.41   45.07   45.98   44.99   45.98   43.16   41.46   40.06   41.52   43.69   44.57   44.95   43.66   34.37   30.26   35.82   36.61   34.52   36.94   39.03  100.00   37.50   48.28   83.33   66.67   56.00   51.52   48.39   64.52   45.83   58.06   52.94   56.52   56.52   48.00   60.38   47.73   43.24   41.03   51.72   30.00   52.73   47.83   47.50   53.85   52.00   33.33   53.57   43.90   48.84   65.62   62.86   56.00   46.88
    22: 111411136_111411087   60.87   59.52   63.04   60.00   56.10   51.11   54.35   48.78   52.94   54.35   52.17   50.00   53.33   46.67   45.24   41.30   43.59   46.67   60.87   55.17   37.50  100.00  100.00  100.00    -nan   80.00  100.00   77.78   66.67   66.67   83.33   75.00  100.00  100.00    -nan    -nan   66.67    -nan    -nan    -nan   66.67   66.67  100.00  100.00   66.67  100.00   66.67   66.67   50.00  100.00  100.00   80.00   83.33    -nan
    23: 111410956_111410907   73.47   73.47   73.47   67.39   70.45   69.57   63.27   54.35   64.58   71.43   70.83   68.18   68.89   48.78   37.78   61.36   65.91   54.55   67.57   60.00   48.28  100.00  100.00  100.00  100.00   56.52   80.00  100.00   58.33   58.33   72.22   77.78  100.00  100.00   60.00   20.00   61.54   71.43  100.00   85.71   50.00   56.52   62.50   85.71   64.29   75.00   90.00   90.00  100.00   61.54   75.00   69.23   78.57   62.50
    24: 111410846_111410787  100.00  100.00  100.00   98.21   98.21   96.55   89.66   90.00   89.29   98.28   96.61   96.43   96.55  100.00  100.00   83.33   55.93  100.00   43.14   83.33   83.33  100.00  100.00  100.00  100.00   83.33  100.00  100.00  100.00   87.50  100.00  100.00  100.00  100.00  100.00    -nan  100.00  100.00    -nan   87.50  100.00   77.78  100.00   50.00  100.00  100.00   50.00   50.00  100.00  100.00  100.00   88.89   50.00  100.00
    25: 111301626_111301577   82.00   79.59   86.00   85.71   86.00   74.47   67.35   77.55   83.33   81.25   83.33   85.71   85.71   52.63   40.91   59.09   68.75   46.15   68.89   62.96   66.67    -nan  100.00  100.00  100.00  100.00  100.00  100.00  100.00  100.00  100.00   87.50  100.00  100.00  100.00  100.00  100.00  100.00    -nan  100.00  100.00  100.00  100.00   75.00  100.00  100.00  100.00  100.00   80.00  100.00  100.00   80.00  100.00  100.00
    26: 111301376_111301307   77.61   72.73   73.91   73.13   74.60   66.67   67.65   60.87   66.67   69.57   68.12   71.19   70.15   50.00   59.18   52.54   56.25   36.67   61.11   55.00   56.00   80.00   56.52   83.33  100.00  100.00   80.00   83.33   60.00   68.75   76.47   83.33  100.00   80.00   50.00   66.67   53.33  100.00  100.00   53.85   76.92   58.82  100.00   80.00   72.22  100.00   66.67   83.33   50.00   90.00   72.22   62.50   66.67  100.00
    27: 111301166_111301117   86.67   86.67   84.09   86.36   88.10   77.78   68.42   63.64   73.68   84.09   81.82   80.43   77.78   54.29   48.65   65.91   75.61   72.73   59.38   71.79   51.52  100.00   80.00  100.00  100.00   80.00  100.00   88.89   71.43   81.82   75.00   60.00   85.71  100.00   80.00   75.00   75.00   66.67  100.00   87.50   75.00   85.71  100.00  100.00   85.71  100.00   80.00   80.00  100.00   75.00   81.82   88.89   85.71   84.62
    28: 111300826_111300767   73.21   71.43   73.21   71.15   72.22   73.21   59.65   69.09   64.44   67.86   66.07   74.07   80.00   59.18   70.27   50.98   72.50   53.49   50.00   59.46   48.39   77.78  100.00  100.00  100.00   83.33   88.89  100.00  100.00  100.00   88.89   80.00    -nan  100.00    -nan    -nan   75.00    -nan  100.00  100.00    -nan   81.82    -nan   50.00   66.67  100.00   77.78   88.89  100.00   83.33  100.00   80.00   75.00  100.00
    29: 111300676_111300627   85.11   82.61   76.60   72.34   72.73   74.47   65.91   60.87   65.91   72.34   67.35   72.34   76.60   50.00   53.66   66.67   64.29   35.29   55.88   63.33   64.52   66.67   58.33  100.00  100.00   60.00   71.43  100.00  100.00   80.00   56.25   60.00   83.33  100.00   88.89  100.00   61.54  100.00    -nan   77.78   63.64   71.43   75.00   71.43   54.55   87.50   50.00   58.33  100.00  100.00   85.71   73.68   66.67  100.00
    30: 111300336_111300277   70.18   70.91   69.64   69.64   69.81   63.79   58.18   52.63   60.00   68.42   70.18   66.07   66.67   47.37   37.21   52.83   53.57   53.33   57.89   66.67   45.83   66.67   58.33   87.50  100.00   68.75   81.82  100.00   80.00  100.00   70.59   87.50   75.00  100.00   75.00   44.44   71.43   63.64   66.67   72.73   63.64   70.83   88.89   71.43   73.91   83.33   58.33   75.00   75.00   75.00   70.00   61.11   50.00   61.11
    31: 111300136_111300067   69.12   68.66   69.12   71.88   66.67   65.57   61.29   61.76   58.33   70.15   70.15   72.58   71.64   54.00   48.33   52.38   55.93   48.15   41.30   41.18   58.06   83.33   72.22  100.00  100.00   76.47   75.00   88.89   56.25   70.59  100.00  100.00   75.00  100.00   50.00   55.56   50.00  100.00   50.00   62.50   64.71   61.29   66.67   62.50   64.29   81.25   62.50   75.00  100.00  100.00   88.89   66.67   84.62   65.38
    32: 111300086_111300037   66.67   63.83   64.58   65.96   64.44   51.28   51.11   59.57   53.33   73.91   71.11   75.00   74.47   48.48   37.84   46.67   41.46   44.83   42.86   36.36   52.94   75.00   77.78  100.00   87.50   83.33   60.00   80.00   60.00   87.50  100.00  100.00   75.00  100.00  100.00    -nan  100.00  100.00   66.67   75.00   50.00   73.33   75.00   57.14   85.71   85.71   66.67   77.78   50.00  100.00   80.00   80.00   87.50   75.00
    33: 111299876_111299827   67.35   70.83   65.31   61.22   65.22   69.70   64.52   60.42   80.00   58.70   65.31   59.18   67.44   48.28   42.86   40.54   38.71   36.00   64.00   65.00   56.52  100.00  100.00  100.00  100.00  100.00   85.71    -nan   83.33   75.00   75.00   75.00  100.00   60.00  100.00  100.00   75.00   80.00    -nan  100.00   75.00   85.71  100.00   88.89   70.00   71.43   83.33   83.33    -nan  100.00   87.50  100.00   87.50   63.64
    34: 111299836_111299787   76.09   74.47   78.26   83.72   72.73   73.33   67.44   71.11   65.85   76.19   72.73   77.27   71.74   59.52   44.74   60.47   70.27   56.52   50.00   60.71   56.52  100.00  100.00  100.00  100.00   80.00  100.00  100.00  100.00  100.00  100.00  100.00   60.00  100.00  100.00  100.00   69.23  100.00  100.00  100.00   77.78  100.00   70.00   75.00  100.00  100.00   53.85   76.92  100.00  100.00   90.00   66.67   64.29   88.89
    35: 111299686_111299637   80.00   79.55   80.00   82.22   77.78   73.91   76.19   47.73   76.74   75.56   82.22   78.57   76.19   54.29   42.86   57.14   51.35   28.57   63.33   64.86   48.00    -nan   60.00  100.00  100.00   50.00   80.00    -nan   88.89   75.00   50.00  100.00  100.00  100.00  100.00   66.67   62.50  100.00    -nan   77.78   66.67   92.31   83.33   42.86   58.33  100.00  100.00  100.00    -nan  100.00  100.00   50.00  100.00   80.00
    36: 111299586_111299517   72.06   69.70   72.06   68.66   72.06   62.12   71.67   62.69   72.41   72.73   74.63   69.70   69.70   42.37   53.33   52.46   51.79   51.72   49.06   51.85   60.38    -nan   20.00    -nan  100.00   66.67   75.00    -nan  100.00   44.44   55.56    -nan  100.00  100.00   66.67  100.00    -nan   20.00   50.00   69.23   75.00   57.14  100.00  100.00    -nan  100.00   42.86   28.57  100.00    -nan   57.14  100.00  100.00   84.62
    37: 111299506_111299437   60.94   60.32   60.66   56.45   57.63   60.94   60.34   53.62   53.57   62.50   64.06   61.29   64.06   40.98   31.67   49.21   44.44   54.55   53.49   59.09   47.73   66.67   61.54  100.00  100.00   53.33   75.00   75.00   61.54   71.43   50.00  100.00   75.00   69.23   62.50    -nan  100.00  100.00    -nan   55.56   42.11   68.42   62.50   50.00   75.00   62.50   50.00   57.14   62.50  100.00   83.33   46.15   53.33  100.00
    38: 111299276_111299227   75.51   64.58   75.51   68.75   73.47   72.09   53.19   56.52   55.32   67.44   63.27   58.33   57.45   34.88   38.46   55.00   56.10   36.67   52.38   46.88   43.24    -nan   71.43  100.00  100.00  100.00   66.67    -nan  100.00   63.64  100.00  100.00   80.00  100.00  100.00   20.00  100.00  100.00  100.00   77.78  100.00   71.43  100.00   60.00  100.00   75.00   60.00   40.00  100.00  100.00   77.78  100.00   37.50   50.00
    39: 111298816_111298767   72.34   72.34   80.85   78.72   82.98   71.11   63.04   76.60   75.00   68.09   68.09   78.72   78.72   35.29   27.50   52.63   52.17   56.25   76.92   75.00   41.03    -nan  100.00    -nan    -nan  100.00  100.00  100.00    -nan   66.67   50.00   66.67    -nan  100.00    -nan   50.00    -nan  100.00  100.00   66.67    -nan   40.00    -nan    -nan  100.00  100.00  100.00  100.00    -nan   72.73    -nan    -nan    0.00    -nan
    40: 111298766_111298717   78.05   80.00   73.17   65.00   70.73   68.09   64.10   57.78   66.67   62.22   71.11   61.70   70.21   53.12   50.00   66.67   48.72   50.00   54.55   63.33   51.72    -nan   85.71   87.50  100.00   53.85   87.50  100.00   77.78   72.73   62.50   75.00  100.00  100.00   77.78   69.23   55.56   77.78   66.67  100.00   37.50   66.67  100.00   80.00   61.54   75.00   60.00   70.00   80.00   80.00   87.50   76.47   60.00  100.00
    41: 111298596_111298527   66.18   68.66   69.12   62.69   69.23   63.77   64.52   61.76   59.68   70.59   70.59   71.21   71.21   54.72   40.98   48.94   45.45   50.00   50.00   40.74   30.00   66.67   50.00  100.00  100.00   76.92   75.00    -nan   63.64   63.64   64.71   50.00   75.00   77.78   66.67   75.00   42.11  100.00    -nan   37.50  100.00   50.00   64.29   80.00   58.33   83.33   64.71   64.71    -nan    -nan   83.33   66.67   75.00   46.15
    42: 111298526_111298427   72.04   67.71   65.98   62.11   71.28   61.86   55.56   51.06   56.04   57.29   56.25   59.38   59.57   45.68   43.02   52.69   51.16   47.73   42.31   51.56   52.73   66.67   56.52   77.78  100.00   58.82   85.71   81.82   71.43   70.83   61.29   73.33   85.71  100.00   92.31   57.14   68.42   71.43   40.00   66.67   50.00  100.00   76.92   77.78   65.00   71.43   60.00   85.00   60.00  100.00   85.71   58.33   64.29   89.47
    43: 111298316_111298267   70.83   70.83   72.92   65.96   71.11   69.05   68.29   64.58   73.17   75.00   72.34   73.47   70.83   60.98   53.85   55.88   56.25   52.63   50.00   70.27   47.83  100.00   62.50  100.00  100.00  100.00  100.00    -nan   75.00   88.89   66.67   75.00  100.00   70.00   83.33  100.00   62.50  100.00    -nan  100.00   64.29   76.92  100.00  100.00   75.00   87.50   57.14   57.14  100.00    -nan  100.00   85.71   61.11   62.50
    44: 111297326_111297267   66.10   65.52   66.10   62.07   65.45   57.89   62.50   60.34   58.18   58.62   64.29   60.00   57.14   52.17   47.27   46.94   47.50   36.36   70.97   55.81   47.50  100.00   85.71   50.00   75.00   80.00  100.00   50.00   71.43   71.43   62.50   57.14   88.89   75.00   42.86  100.00   50.00   60.00    -nan   80.00   80.00   77.78  100.00  100.00   62.50   60.00   66.67   66.67  100.00    -nan   71.43  100.00   63.64   66.67
    45: 111297236_111297187   79.59   79.17   77.55   77.55   78.26   71.43   64.58   37.50   64.29   79.17   75.00   70.00   73.17   41.94   33.33   55.56   57.89   42.31   51.43   60.00   53.85   66.67   64.29  100.00  100.00   72.22   85.71   66.67   54.55   73.91   64.29   85.71   70.00  100.00   58.33    -nan   75.00  100.00  100.00   61.54   58.33   65.00   75.00   62.50  100.00   80.00   69.23   69.23    -nan   75.00   80.00   61.54   75.00  100.00
    46: 111296746_111296687   74.00   65.38   78.00   69.23   76.60   65.96   63.46   64.81   69.23   73.58   75.47   75.93   73.08   53.49   52.27   68.00   67.35   50.00   58.54   55.26   52.00  100.00   75.00  100.00  100.00  100.00  100.00  100.00   87.50   83.33   81.25   85.71   71.43  100.00  100.00  100.00   62.50   75.00  100.00   75.00   83.33   71.43   87.50   60.00   80.00  100.00   75.00   87.50    -nan    -nan   88.89  100.00   76.92  100.00
    47: 111296656_111296607   60.42   57.45   64.58   66.67   64.44   60.00   47.62   51.02   61.90   68.75   64.58   64.58   66.67   51.35   32.56   54.55   62.96   52.17   61.54   51.52   33.33   66.67   90.00   50.00  100.00   66.67   80.00   77.78   50.00   58.33   62.50   66.67   83.33   53.85  100.00   42.86   50.00   60.00  100.00   60.00   64.71   60.00   57.14   66.67   69.23   75.00  100.00   71.43   50.00   66.67   60.00   60.00   61.90   53.33
    48: 111296516_111296457   65.45   64.81   67.86   67.27   67.31   65.38   52.38   63.16   57.14   69.09   63.64   65.45   67.27   66.67   50.00   57.14   73.53   53.57   57.14   55.26   53.57   66.67   90.00   50.00  100.00   83.33   80.00   88.89   58.33   75.00   75.00   77.78   83.33   76.92  100.00   28.57   57.14   40.00  100.00   70.00   64.71   85.00   57.14   66.67   69.23   87.50   71.43  100.00   25.00   66.67   90.00   60.00   71.43   66.67
    49: 111295716_111295657   72.73   67.27   69.09   60.00   73.58   67.92   72.22   66.04   68.18   72.22   62.96   67.92   70.91   40.82   37.21   42.11   43.40   44.44   52.94   54.29   43.90   50.00  100.00  100.00   80.00   50.00  100.00  100.00  100.00   75.00  100.00   50.00    -nan  100.00    -nan  100.00   62.50  100.00    -nan   80.00    -nan   60.00  100.00  100.00    -nan    -nan   50.00   25.00  100.00  100.00  100.00   83.33   42.86    -nan
    50: 111294936_111294887   68.89   71.74   68.89   62.79   67.44   67.44   65.52   59.57   66.67   66.67   64.58   63.04   64.58   52.27   45.65   50.00   54.05   51.43   62.50   51.52   48.84  100.00   61.54  100.00  100.00   90.00   75.00   83.33  100.00   75.00  100.00  100.00  100.00  100.00  100.00    -nan  100.00  100.00   72.73   80.00    -nan  100.00    -nan    -nan   75.00    -nan   66.67   66.67  100.00  100.00   77.78   66.67   50.00  100.00
    51: 111294866_111294817   87.80   87.50   86.05   78.05   84.21   74.42   58.70   65.12   73.33   81.40   83.72   82.05   75.61   65.62   51.22   66.67   76.67   66.67   68.00   71.43   65.62  100.00   75.00  100.00  100.00   72.22   81.82  100.00   85.71   70.00   88.89   80.00   87.50   90.00  100.00   57.14   83.33   77.78    -nan   87.50   83.33   85.71  100.00   71.43   80.00   88.89   60.00   90.00  100.00   77.78  100.00   88.89   75.00   81.82
    52: 111294426_111294377   73.47   72.92   73.47   72.34   72.73   69.39   63.27   57.14   61.70   71.43   69.39   70.21   69.39   61.36   57.50   64.58   68.75   40.91   60.00   61.54   62.86   80.00   69.23   88.89   80.00   62.50   88.89   80.00   73.68   61.11   66.67   80.00  100.00   66.67   50.00  100.00   46.15  100.00    -nan   76.47   66.67   58.33   85.71  100.00   61.54  100.00   60.00   60.00   83.33   66.67   88.89  100.00   66.67   87.50
    53: 111294116_111294067   69.57   73.33   71.11   70.00   67.50   68.89   64.29   65.96   68.29   72.34   74.47   71.74   70.21   62.86   56.76   63.41   74.19   47.37   68.00   60.00   56.00   83.33   78.57   50.00  100.00   66.67   85.71   75.00   66.67   50.00   84.62   87.50   87.50   64.29  100.00  100.00   53.33   37.50    0.00   60.00   75.00   64.29   61.11   63.64   75.00   76.92   61.90   71.43   42.86   50.00   75.00   66.67  100.00   90.91
    54: 111293966_111293867   71.88   72.63   72.92   63.27   73.96   64.13   63.53   56.82   70.93   69.57   72.63   68.48   69.79   48.53   44.71   54.55   56.76   31.25   57.89   50.00   46.88    -nan   62.50  100.00  100.00  100.00   84.62  100.00  100.00   61.11   65.38   75.00   63.64   88.89   80.00   84.62  100.00   50.00    -nan  100.00   46.15   89.47   62.50   66.67  100.00  100.00   53.33   66.67    -nan  100.00   81.82   87.50   90.91  100.00
